860
473
981
1242
1484
1862
2216
2676
2911
3128
3387
3764
4158
4368
4833
5062
5302
5697
5992
6443
6695
6963
7209
7626
7903
8160
8625
8869
9086
9488
9833
10294
10525
10771
11026
11410
11768
11981
12464
12670
12921
13291
13603
14065
14329
14582
14827
15198
15496
15763
16028
16257
16495
16716
16962
17178
17418
17665
17926
18155
18356
18620
18857
19118
19360
19607
19827
20055
20298
20757
20995
21247
21387
21663
21931
22191
22439
22956
23185
23426
23664
23901
24117
24391
24625
24854
25086
25321
25538
25785
26015
26279
26516
26791
27031
27247
27450
27691
27942
28412
28644
28859
29095
29308
29567
29810
30072
30286
30531
30755
31007
31249
31391
31630
31762
32032
32264
32391
32628
32744
33012
33212
33402
33639
33901
34138
34387
34605
34823
35060
35206
35441
35583
35826
36058
36204
36430
36552
36763
36960
37226
37480
37685
37937
38182
38374
38525
38634
38864
38997
39102
39365
39472
39865
39972
40098
40348
40463
40758
40892
41015
41277
41402
41707
41950
42165
42403
42641
42773
42899
43154
43280
43622
43856
44092
44321
44585
44768
44918
45040
45280
45493
45794
46032
46249
46521
46780
47007
47237
47477
47721
47962
48407
48889
49388
49624
49880
50135
50887
51097
51373
51581
51751
52222
52697
53226
53753
53950
54143
54349
54563
54807
55061
55291
55537
55760
56029
56237
56471
56681
56901
57127
57370
57649
57930
58187
58400
58658
58859
59124
59329
59508
59652
59771
59891
60005
60131
60255
60380
60500
60610
60736
60844
61056
61304
61497
61728
61980
62196
62403
62914
63070
63197
63695
63830
63937
64162
64282
64409
64638
64826
65288
65555
66094
66645
66801
66930
67355
67639
67918
68347
68648
69143
69372
69694
69877
70190
70485
70623
70747
71230
71354
71469
71734
71860
71976
72241
72471
72929
73142
73392
73618
73915
74175
74406
74536
74643
75040
75230
75503
75753
75987
76229
76441
76705
76911
77179
77428
77690
77907
78166
78420
78653
78916
79145
79370
79610
79847
80098
80344
80595
80789
81046
81267
81512
81745
82003
82246
82472
82743
82967
83184
83421
83620
83885
84091
84347
84584
84823
85062
85307
85554
85774
86023
86251
86499
86719
86993
87437
87664
87911
88156
88357
88629
88880
89129
89548
89792
90275
90525
90759
91024
91252
91494
91943
92416
92898
93239
93577
94110
94356
94555
94830
95259
95554
95719
95828
96076
96204
96318
96540
96670
96975
97217
97340
97464
97596
97708
97965
98063
98161
98380
98517
98629
99051
99241
99444
99557
99818
99930
100048
100288
100495
100986
101211
101405
101551
101681
101814
101938
102167
102441
102699
102906
103132
103397
103643
103881
104124
104352
104566
104833
105082
105332
105552
105774
106005
106267
106476
106725
106963
107208
107450
107699
107906
108063
108321
108667
108872
109123
109365
109532
109632
109768
109872
109984
110259
110471
110700
110957
111238
111507
111733
111989
112252
112494
112729
112976
113596
114110
114370
115178
115416
115654
115886
116199
116484
116979
117432
117889
118457
118666
118884
119110
119340
119593
119848
120073
120320
120539
120755
120976
121229
121461
121678
121895
122125
122461
122629
122731
122822
122941
123066
123202
123331
123447
123581
123705
123835
123963
124090
124214
124334
124448
124552
124673
124790
124898
125018
125129
125246
125362
125468
125580
125681
125814
126216
126440
126651
126911
127138
127377
127663
127780
127883
128293
128442
128572
128856
128963
129092
129361
129590
130043
130286
130679
130854
131457
131646
131781
132116
132387
132726
133132
133504
133894
134137
134393
134641
134851
135274
135414
135522
135959
136100
136224
136517
136646
136964
137208
137679
137900
138147
138421
138946
139079
139212
139343
139467
139836
140045
140311
140569
140793
141051
141270
141516
141738
142003
142243
142462
142691
142955
143186
143418
143685
143923
144145
144390
144655
144885
145132
145366
145573
145821
146029
146257
146498
146756
146976
147211
147470
147714
147945
148190
148621
149103
149336
149590
149833
150074
150316
150542
150774
151029
151280
151513
151758
152217
152476
152698
152914
153147
153393
153622
153860
154102
154354
154603
154862
155096
155338
155573
155808
156031
156268
156742
157215
157445
157675
158071
158396
158906
160334
160538
160747
160990
161349
161558
161920
162108
162321
162672
163109
163304
163653
164394
164572
164782
165468
165702
166052
166761
166975
167233
167498
167732
167949
168186
168424
168666
168900
169136
169540
169819
170071
170395
171078
171376
171824
172020
172224
172612
172893
173291
173768
174281
174741
175173
175989
176246
176463
176769
177159
177299
177427
177900
178042
178164
178408
178537
178657
178903
179087
179572
179771
180139
180332
180609
180982
181132
181259
181380
181559
181905
182190
182601
182849
183462
183950
184178
184701
184846
184978
185481
185630
185751
186028
186154
186256
186532
186754
187277
187487
187935
188147
188533
188716
188872
189010
189309
189516
189752
189993
190278
190547
191000
191442
191690
191944
192420
192671
193168
193419
193664
193899
194346
194821
195273
195491
195761
196219
196469
197009
197236
197462
197709
198149
198641
198867
199109
199340
199598
199841
200269
200533
200771
201022
201271
201728
201969
202196
202433
202860
203097
203355
203834
204085
204602
204871
205089
205337
205551
205791
206226
206693
206968
207213
207433
207687
207900
208173
208389
208862
209070
209318
209575
209819
210077
210306
210548
210765
211043
211278
211537
211768
212012
212236
212709
212912
213135
213396
213633
213900
214161
214406
214590
214848
215068
215305
215525
215785
216022
216512
216698
216940
217213
217459
217710
217929
218157
218399
218662
218898
219102
219346
219590
219807
220089
220342
220482
220590
220812
221013
221242
221481
221959
222200
222418
222812
223144
